0100110100000000000000000010000001001000 
0001010100000000000000010000000000000000 
0001010100000000000000100000000000000111 
0001010100000000000000110000000000000000 
0001010100000000000001000000000000000001 
0001010100000000000001010000000000000000 
0001001000000000000000000000000000000001*
0000010000000000000000000000000000000010 
0100011000000000000000000000000001100100*
0100100000000000000000000000000001100100*
0001001000000000000000000000000000000011 
0000000000000000000000000000000000000100 
0001001000000000000001010000000000000000 
0010001100000000000000000000000000000000 
0001001000000000000000110000000000000100 
0001001000000000000001000000000000000101 
0001001000000000000000000000000000000001 
0000001100000000000000000000000000000001 
0001001000000000000000010000000000000000 
0100101000000000000000000000000000011110*
0001001000000000000000000000000000000101*
0010001100000000000000000000000000000000 
0100101100000000000000000000000000000000 
0100110000000000000000000000000000000000 
