0100110100000000000000000000000000001111 
0001010100000000000001110000000000000000 
0001010100000000000000110000000000000010 
0001010100000000000001000000000000000001 
0100111100000000000000000000000110010101*
0001001000000000000000000000000000000111 
0001111000000000000001010000000000000000 
0001010100000000000001110000000000000000 
0001010100000000000000110000000000000010 
0001010100000000000001000000000000000010 
0100111100000000000000000000000110010101*
0001001000000000000000000000000000000111 
0001111000000000000001100000000000000000 
0001010100000000000001110000000000000000 
0001010100000000000000110000000000000010 
0001010100000000000001000000000000000011 
0100111100000000000000000000000110010101*
0001001000000000000000000000000000000111 
0001111000000000000001110000000000000000 
0001010100000000000001110000000000000000 
0001010100000000000000110000000000000010 
0001010100000000000001000000000000000100 
0100111100000000000000000000000110010101*
0001001000000000000000000000000000000111 
0001111000000000000010000000000000000000 
0001010100000000000001110000000000000000 
0001010100000000000000110000000000000010 
0001010100000000000001000000000000000101 
0100111100000000000000000000000110010101*
0001001000000000000000000000000000000111 
0001111000000000000010010000000000000000 
0001010100000000000001110000000000000000 
0001010100000000000000110000000000000010 
0001010100000000000001000000000000000110 
0100111100000000000000000000000110010101*
0001001000000000000000000000000000000111 
0001111000000000000010100000000000000000 
0001010100000000000001110000000000000000 
0001010100000000000000110000000000000010 
0001010100000000000001000000000000000111 
0100111100000000000000000000000110010101*
0001001000000000000000000000000000000111 
0001111000000000000010110000000000000000 
0001010100000000000001110000000000000000 
0001010100000000000000110000000000000010 
0001010100000000000001000000000000001000 
0100111100000000000000000000000110010101*
0001001000000000000000000000000000000111 
0001111000000000000011000000000000000000 
0001010100000000000001110000000000000000 
0001010100000000000000110000000000000010 
0001010100000000000001000000000000001001 
0100111100000000000000000000000110010101*
0001001000000000000000000000000000000111 
0001111000000000000011010000000000000000 
0001010100000000000001110000000000000000 
0001010100000000000000110000000000000010 
0001010100000000000001000000000000001010 
0100111100000000000000000000000110010101*
0001001000000000000000000000000000000111 
0001111000000000000011100000000000000000 
0001010000000000000000000000000000000101 
0010001100000000000000000000000000000000 
0001010000000000000000000000000000000110 
0010001100000000000000000000000000000000 
0001010000000000000000000000000000000111 
0010001100000000000000000000000000000000 
0001010000000000000000000000000000001000 
0010001100000000000000000000000000000000 
0001010000000000000000000000000000001001 
0010001100000000000000000000000000000000 
0001010000000000000000000000000000001010 
0010001100000000000000000000000000000000 
0001010000000000000000000000000000001011 
0010001100000000000000000000000000000000 
0001010000000000000000000000000000001100 
0010001100000000000000000000000000000000 
0001010000000000000000000000000000001101 
0010001100000000000000000000000000000000 
0001010000000000000000000000000000001110 
0010001100000000000000000000000000000000 
0100101100000000000000000000000000000000 
0001001000000000000000000000000000000100 
0011001100000000000000000000000000000000 
0100100000000000000000000000000110111101*
0001001000000000000000000000000000000111 
0000000000000000000000000000000000000011 
0001001000000000000001110000000000000000 
0000110000000000000000000000000000000100 
0100101000000000000000000000000110010101*
0101000000000000000000000000000000000000 
